# meta: {"name": "IBUPROFEN", "area [A^2]": 258.47387, "volume [A^3]": 281.26572, "r_av [A]": 1.5191269449366247, "f_decay": 3.57, "sigma_hb [e/A^2]": 0.0084, "averaging": "Hsieh", "disp. flag": "COOH", "disp. e/kB [K]": 101.27374999999999, "standard_INCHIKEY": "HEFNNWSXXWATRW-JTQLQIEISA-N"}
# Rows are given as: sigma [e/A^2] followed by a space, then psigmaA [A^2]
# In the case of three sigma profiles, the order is NHB, OH, then OT
-0.025 0.00000000000000e+00
-0.024 0.00000000000000e+00
-0.023 0.00000000000000e+00
-0.022 0.00000000000000e+00
-0.021 0.00000000000000e+00
-0.020 0.00000000000000e+00
-0.019 0.00000000000000e+00
-0.018 3.52850934967913e-02
-0.017 4.31500928858223e-02
-0.016 3.59544590230499e-02
-0.015 1.54349120931550e-01
-0.014 1.86860050705962e-01
-0.013 7.54291106090609e-02
-0.012 3.02521691722275e-02
-0.011 9.90168530950358e-02
-0.010 3.06396941531106e-01
-0.009 4.42820310013975e-01
-0.008 3.98617074290499e-01
-0.007 1.51061441634982e+00
-0.006 6.65482489002920e+00
-0.005 1.13788638220036e+01
-0.004 1.73665012463951e+01
-0.003 2.73427342937262e+01
-0.002 2.87463410085272e+01
-0.001 2.54690497498920e+01
0.000 2.04445652839584e+01
0.001 2.19979996165209e+01
0.002 2.11128644261452e+01
0.003 1.73383130558778e+01
0.004 1.11939436594290e+01
0.005 1.16140027899098e+01
0.006 5.43746906031078e+00
0.007 1.99010164760475e+00
0.008 2.59942911556479e+00
0.009 9.89506634517177e-01
0.010 1.53436822826732e+00
0.011 1.44084730280191e+00
0.012 2.55087579866989e-01
0.013 0.00000000000000e+00
0.014 0.00000000000000e+00
0.015 0.00000000000000e+00
0.016 0.00000000000000e+00
0.017 0.00000000000000e+00
0.018 0.00000000000000e+00
0.019 0.00000000000000e+00
0.020 0.00000000000000e+00
0.021 0.00000000000000e+00
0.022 0.00000000000000e+00
0.023 0.00000000000000e+00
0.024 0.00000000000000e+00
0.025 0.00000000000000e+00
-0.025 0.00000000000000e+00
-0.024 0.00000000000000e+00
-0.023 0.00000000000000e+00
-0.022 0.00000000000000e+00
-0.021 0.00000000000000e+00
-0.020 0.00000000000000e+00
-0.019 0.00000000000000e+00
-0.018 9.27262048046315e-01
-0.017 7.80432765571071e-01
-0.016 4.54090925580531e-01
-0.015 1.37888628026733e+00
-0.014 1.19385934660941e+00
-0.013 3.47702420419473e-01
-0.012 1.01241097353703e-01
-0.011 2.41336362065966e-01
-0.010 5.43648338876968e-01
-0.009 5.35480382062380e-01
-0.008 1.36728114390906e-01
-0.007 1.83097882841251e-02
-0.006 3.01235144479766e-02
-0.005 6.76281664978615e-03
-0.004 0.00000000000000e+00
-0.003 0.00000000000000e+00
-0.002 0.00000000000000e+00
-0.001 0.00000000000000e+00
0.000 0.00000000000000e+00
0.001 1.71046137391089e-03
0.002 2.61817101259461e-02
0.003 8.73369502954342e-02
0.004 3.21161045624588e-01
0.005 3.99444765296630e-01
0.006 2.67458949407454e-01
0.007 6.68150165755587e-01
0.008 1.38173621320946e+00
0.009 4.24088555958742e-01
0.010 0.00000000000000e+00
0.011 0.00000000000000e+00
0.012 0.00000000000000e+00
0.013 0.00000000000000e+00
0.014 0.00000000000000e+00
0.015 0.00000000000000e+00
0.016 0.00000000000000e+00
0.017 0.00000000000000e+00
0.018 0.00000000000000e+00
0.019 0.00000000000000e+00
0.020 0.00000000000000e+00
0.021 0.00000000000000e+00
0.022 0.00000000000000e+00
0.023 0.00000000000000e+00
0.024 0.00000000000000e+00
0.025 0.00000000000000e+00
-0.025 0.00000000000000e+00
-0.024 0.00000000000000e+00
-0.023 0.00000000000000e+00
-0.022 0.00000000000000e+00
-0.021 0.00000000000000e+00
-0.020 0.00000000000000e+00
-0.019 0.00000000000000e+00
-0.018 0.00000000000000e+00
-0.017 0.00000000000000e+00
-0.016 0.00000000000000e+00
-0.015 0.00000000000000e+00
-0.014 0.00000000000000e+00
-0.013 0.00000000000000e+00
-0.012 0.00000000000000e+00
-0.011 0.00000000000000e+00
-0.010 0.00000000000000e+00
-0.009 0.00000000000000e+00
-0.008 0.00000000000000e+00
-0.007 0.00000000000000e+00
-0.006 0.00000000000000e+00
-0.005 0.00000000000000e+00
-0.004 0.00000000000000e+00
-0.003 0.00000000000000e+00
-0.002 0.00000000000000e+00
-0.001 0.00000000000000e+00
0.000 0.00000000000000e+00
0.001 1.05048332909097e-03
0.002 7.28834040904668e-04
0.003 6.96939248561082e-02
0.004 1.12226569426317e-01
0.005 1.82615693484594e-01
0.006 2.72592166834287e-01
0.007 3.87262298603794e-01
0.008 1.01341342253208e+00
0.009 8.47799636990713e-01
0.010 2.72247083914985e+00
0.011 3.51181476164496e+00
0.012 8.53669247980513e-01
0.013 0.00000000000000e+00
0.014 0.00000000000000e+00
0.015 0.00000000000000e+00
0.016 0.00000000000000e+00
0.017 0.00000000000000e+00
0.018 0.00000000000000e+00
0.019 0.00000000000000e+00
0.020 0.00000000000000e+00
0.021 0.00000000000000e+00
0.022 0.00000000000000e+00
0.023 0.00000000000000e+00
0.024 0.00000000000000e+00
0.025 0.00000000000000e+00
